duckduckgo.com: 0.06934
google.com: 0.05878
github.com: 0.02372
facebook.com: 0.02005
instagram.com: 0.01329
youtube.com: 0.01093
amazon.de: 0.01035
trello.com: 0.00792
uni-lj.si: 0.00760
